1202
8859
1011
7652
2194
1969
21194
17999
8898
2061
18739
20449
17898
19529
11180
29230
31766
25546
854
11241
15104
22518
13395
4021
19858
32672
21362
21304
30375
9927
32526
21617
12562
24193
16179
2380
12513
2354
12547
3444
2531
30465
344
17001
8039
9869
31403
13778
16711
32219
10805
16916
6693
3988
24659
7459
21237
16493
4143
18841
4027
24806
21149
7685
10646
3895
4163
22149
18942
30087
5885
25751
19274
14432
7808
28972
629
10592
61
17662
22049
4657
9864
2852
18140
11195
30457
8675
19619
5527
15378
28104
11684
25031
21027
25331
12872
2213
7019
14518
23153
22810
32640
31583
30721
14608
31217
28753
21147
18986
31785
90
14509
18098
9878
7232
8622
10963
7435
20381
17828
32264
31331
30189
19946
20692
10088
17894
816
17076
6387
9992
7363
9298
14676
1396
5391
2555
243
6145
10082
25171
568
19597
23282
25927
27817
20113
16162
28484
19282
23544
15617
7334
618
23602
8723
14708
20531
28036
18517
22858
21794
23714
32635
11158
26432
14975
7036
24583
13520
1124
19536
12099
31282
4672
8952
23513
20231
16191
26560
16246
20118
157
9665
14427
8047
24253
4009
2830
7757
1141
8639
3152
12353
22700
9505
10064
13
22056
30800
5150
10958
5537
16623
21090
8159
15898
27336
15438
14329
20337
6160
17873
18335
31540
26348
15374
12473
32694
12340
6412
14207
14690
9078
16303
7832
24144
25662
13287
20099
6166
3220
8999
3127
28641
14535
20761
774
16580
105
15504
9671
9295
155
4286
11060
3428
23435
13991
10641
1350
20794
6869
5519
16115
21891
31565
10351
29876
18265
20931
29034
17394
11600
11786
5713
31563
7006
5326
1905
3813
9699
13957
10937
9986
1512
4771
16927
31957
21156
23309
4415
31125
29765
11217
1605
19407
13293
27412
27150
26368
3322
25932
23434
8547
9098
31151
6757
25608
1086
27370
25830
8486
4415
10263
27927
1202
16511
8681
10534
4912
3906
42
779
10954
20188
19304
11115
6815
11964
24299
5052
17501
10153
14058
21419
31762
11340
28414
32186
6719
17135
1238
10030
29743
27780
13101
10024
11910
31977
30969
20754
7709
18538
8421
11836
11021
19080
23810
31431
27146
10744
19129
27075
24563
15855
29445
29844
9126
30877
6879
14746
21017
23287
30713
11793
2215
21946
7598
10037
22951
15277
13881
32426
28483
10534
23590
22044
20616
1231
10247
15907
31929
32170
18024
17513
20713
10835
10757
11534
27592
11654
11834
23371
958
992
15802
11606
25398
24298
20868
20358
32573
12627
23571
19128
23627
20605
29909
20977
13664
20284
22495
4933
6483
30170
3551
4087
29287
31582
20562
16353
11296
25613
32247
1046
27477
10546
13187
11463
3205
3611
23702
5731
23663
18020
20718
8706
16092
20856
20955
3332
14272
12116
31730
27637
2689
21134
262
19636
25495
29590
15956
17365
16469
10557
766
26947
2310
27251
6843
2090
4412
23893
28876
1556
29285
5991
24370
17746
29855
13085
32286
1693
31182
24225
1961
3581
7915
18384
9157
3818
1951
2437
12403
9137
2064
32283
23095
21530
8443
6957
6345
28488
515
15008
25614
15584
1608
29924
13638
18798
24380
28790
10375
20996
25010
19114
21098
4900
10552
32167
7684
32479
1447
26547
18200
7743
26360
22449
17546
8675
15193
17127
14103
26089
29568
2053
12356
27921
8512
25443
26004
5918
25690
30859
9214
5760
6549
5367
6046
26929
17
4124
15275
22749
18648
27815
1705
17989
17590
7942
9952
17381
9291
7466
25356
17364
32350
7051
29526
23789
4212
7021
26243
27436
28065
11874
26476
3930
3999
4881
30382
20973
32285
3893
27810
27946
89
10985
22416
652
3313
12578
2591
16233
27639
6525
28176
13523
16195
16187
28460
26301
25869
2441
4731
22110
26811
26885
3511
3035
30199
20095
29440
25376
517
32508
17617
8206
8019
26881
1587
3548
12114
24334
6961
11703
26245
23400
3467
14508
22232
12571
2479
30920
29746
20032
10212
15742
18253
29564
21961
28488
17094
1225
29694
1681
28272
22393
31777
27091
23790
8568
17148
30461
8065
28113
11004
15383
11294
14963
23269
9000
27076
9014
19653
5464
22284
15897
18727
22866
32514
3277
8840
12524
12339
10104
17679
31242
10759
1203
28280
22207
13393
724
8786
8374
21797
5747
11882
11217
6378
16935
21383
7183
8367
15249
26199
21171
27331
24988
31914
13987
2431
26626
31454
23566
15463
23571
5530
20305
8050
26290
7104
1820
25765
28576
7324
16848
19430
1533
15970
21036
19728
12811
22743
7977
10307
5174
10318
23330
20606
30033
11478
13880
25711
11299
2482
4085
10633
31778
30985
27696
15704
20862
10207
12080
28945
32353
3652
25876
878
23926
6091
6257
11448
32168
12350
31806
12581
15148
2192
27885
28005
27073
10259
3291
4472
29750
7659
32746
32194
5421
26307
2668
30305
3360
23231
5956
8382
31137
14257
26951
32610
12774
7055
31721
24588
19588
805
22293
28672
12923
8455
23132
27297
25459
8394
17234
5698
20293
10867
29493
826
26813
14896
14288
16694
21919
8262
7071
32468
24551
15691
308
18285
3157
20117
3545
21297
31273
24306
10103
7546
28716
12185
2487
13658
15087
11617
13926
31862
16471
17969
17694
18456
27737
12984
22051
6271
23299
2142
11403
23162
25532
10106
13218
26421
27084
22981
29580
13906
5663
13583
14636
30267
24133
5680
30021
32439
31934
18498
5855
20924
15989
11277
25837
7813
18826
29635
6956
31459
16724
18158
20046
18136
27559
25254
23384
28258
15186
2567
26185
32149
25580
23266
11260
15084
23249
23219
11087
15329
26983
20435
27013
10171
13478
15087
21993
7336
24023
1209
4276
27403
8347
13277
6449
6935
4656
16183
10015
28829
26096
20547
13143
24866
23322
2517
29615
12341
14293
9994
19997
9728
30066
1662
1824
5148
498
30143
12123
7338
15048
20738
5251
28575
1248
19221
14716
29279
9695
29077
6591
1422
17069
16737
15359
23842
10033
24398
22540
7869
15195
18717
5111
14907
18792
4778
7287
12422
31073
869
7307
15538
9701
10246
22625
4934
28201
11389
28535
11223
10557
4648
2560
18652
7825
5705
30089
12733
10167
23735
29916
21293
8042
13012
18213
14778
16848
32446
10835
6818
25084
11978
23745
24297
6327
15662
25110
25768
20608
7165
3946
27304
21201
7513
8874
23087
15012
11236
26941
25370
28726
26487
14823
7724
4619
31255
17902
10662
28466
14628
1404
29720
30410
26324
17221
10614
16581
10208
2921
30318
5100
381
412
5625
3363
29582
25220
23857
19439
792
13410
14690
18485
18678
27381
21603
13637
22734
668
21287
5654
5187
22202
25231
26323
15980
14174
1666
32663
25477
548
24384
5238
26853
16982
22771
30396
22832
7255
31112
31609
16590
2114
16572
11069
11932
8142
20090
7968
11489
885
17252
12037
18051
6869
4016
21792
27771
13398
9269
27318
20358
18445
14789
8740
541
25056
8894
25123
30376
30443
23260
26186
11759
10787
18769
18645
10705
17465
26904
22948
30776
25282
19334
26247
27212
8852
10530
22712
19431
18803
29878
19369
12105
13037
9382
256
8462
1154
9857
21984
22621
27912
12502
7531
14177
29518
26441
1157
12285
6144
1253
25306
24763
20170
180
7458
32262
4800
24717
31908
23450
6654
11822
8184
10808
27787
17035
26898
15774
25220
23397
3196
28342
19830
12061
9699
28174
20747
29387
30165
6792
12009
1675
11465
12371
2519
15383
26464
25625
25633
27547
16362
15994
23870
19140
6444
19386
29361
14874
1633
29622
18477
31889
29822
3613
15100
3418
30906
1756
17570
2047
26702
9946
28861
22191
7545
21734
27183
6871
3528
25326
25471
1010
5524
15217
24189
2209
7372
822
5925
13822
30965
831
5574
2349
12398
28409
11364
1845
761
23221
25434
1806
23415
30299
6467
25084
3827
24669
23067
32283
3298
9451
12706
26426
25769
15718
32001
27116
17504
9238
32688
25821
21718
20511
16279
17507
5845
11697
27764
23637
9639
26240
22140
5152
728
3700
14405
6423
20286
2209
22499
2827
5431
14457
17234
22300
2098
21312
11284
13518
23921
26049
9754
31072
8717
25152
19944
13657
12858
19119
6645
20579
13772
19237
23376
5980
17914
22667
12681
28843
8290
10137
30159
10960
2894
4097
24918
6463
20278
12265
29436
29551
27014
25503
22571
10798
23712
25992
23809
10039
16677
10842
10158
11014
31857
19851
17182
15595
16484
8714
15577
24926
14440
15148
23079
2706
1967
489
10359
30541
31933
10824
27905
29686
7719
7448
14251
12784
29850
10721
7465
10534
13854
5402
23657
14311
13980
22172
29486
29941
16798
7255
26107
26584
16727
25924
16178
7032
22243
18586
2429
16107
18384
15685
18797
18572
25820
30100
14945
20301
19968
9010
21162
3662
14254
14167
21228
18094
5464
29503
25799
29601
19761
23772
3255
1218
22839
27592
29497
4779
31089
637
18736
16835
23413
1992
19334
18264
23342
13435
10774
17646
16604
26979
21962
28118
8284
8569
31232
11010
15786
21596
9523
12567
6820
23807
25815
15556
4625
14495
22660
26963
9185
12793
87
21885
22198
19641
19094
2691
21156
1333
9362
22906
6453
14427
4818
8934
32433
18408
5229
15499
18588
20188
21944
27008
5503
31274
30241
6277
29164
22963
25947
23702
16060
15733
7100
21441
19611
29440
12771
28724
20679
30506
7069
22426
5908
28676
2570
19624
5428
781
14587
22258
17205
23461
11167
7428
23883
30148
7263
9390
29392
235
9222
28063
26249
28507
23589
6709
17451
1414
182
6804
3869
32195
21759
3574
28288
5189
20409
20034
23149
3918
21106
23007
11901
6048
28720
4042
17807
30005
1879
29158
709
1071
13004
24980
27600
30226
22107
2692
14446
13105
19030
28619
31536
28774
27263
20277
18305
19718
3112
20188
30948
3348
8089
10489
32637
17333
178
18939
21971
484
15058
5334
980
23911
17399
16798
21274
25602
29478
2644
6252
20202
13837
6656
13960
2684
18919
29183
15903
26159
31648
14751
20258
200
13113
11241
7996
17613
20079
6078
18848
2363
3735
9766
19460
10875
7629
23268
21741
12179
28493
846
18222
20378
32545
1883
5803
27502
13565
20734
25187
20393
28263
15794
28590
21200
29722
20054
27330
9166
24237
2364
4220
23713
11888
17021
9566
11604
6807
16015
24020
13101
23450
25369
7099
20519
29915
27141
9507
5794
16778
19159
14420
7514
18629
20030
8464
20374
7428
32745
13080
3490
19125
29340
19954
12670
6691
2691
19944
19416
10396
16838
3668
11576
7379
7005
24859
3963
31363
14374
8056
29570
22869
16949
14331
1835
772
8811
24017
10112
15551
13386
15685
21295
16335
27655
22919
8507
9593
8929
30636
4080
18982
32178
15095
16412
27585
8644
22103
28796
1889
11237
30512
19829
14888
7614
19806
26884
10603
13664
21624
28408
13842
25376
16977
26975
32578
20901
16069
10558
30778
13375
18610
10117
5499
20346
27716
29249
21804
28660
11894
31252
9916
17259
20949
21474
30153
18458
22663
17102
23617
17990
26509
7781
16327
2068
28485
26904
24152
17309
15667
10992
3630
27460
23296
25725
13540
22600
24259
11792
14812
917
4224
22314
30686
16608
2286
6707
29185
12274
11646
14447
20431
22596
11672
4655
25764
8909
25896
3908
18007
9752
18521
27577
14108
30873
15520
15554
26281
32065
765
16879
20120
24144
6014
22181
11789
10859
10756
6095
26776
18414
5193
4561
19549
12931
28962
2749
882
14068
14594
15562
13448
8509
1984
5378
5838
4326
28570
19002
32018
26511
32121
24647
7209
1485
21111
27503
4242
18996
30366
10270
26454
1717
18674
15066
11826
24619
12466
11385
20216
19504
29660
30354
14899
8501
22255
13361
9482
27858
27124
19151
24167
1114
9919
8065
32600
947
17523
11375
31413
11876
25668
2696
20483
26352
31617
17268
26008
12387
7889
32714
19968
28202
4797
25988
31904
22055
17774
15024
11673
18693
5560
8296
1263
1225
2904
31235
10475
26026
25722
21645
23485
10531
7295
25205
22630
26438
20476
24454
30421
13907
8710
28952
23376
11401
1709
22152
13590
13372
5830
32229
20547
26152
20718
20716
32499
24069
27595
20023
7594
15708
7573
17073
14068
20632
31957
14157
2632
2656
24173
26360
31282
18724
21721
20684
9650
6902
13492
14982
12511
29596
17022
14138
207
2275
28060
1605
28347
18742
15520
24196
13919
8302
20171
31171
9120
32492
5840
29816
17265
22245
13019
21938
7159
1022
1490
21324
12267
20761
30171
9830
20801
4206
29726
1045
1799
31197
12748
3674
2703
17282
9824
20817
8144
10379
19237
8363
19722
21062
12280
26974
13737
22398
19791
19355
7276
17928
14202
4353
20678
27289
5929
21264
2949
19163
2863
26080
32433
1471
22405
23315
7351
3604
1426
12552
23238
29529
22953
593
29306
11471
16852
18792
26296
6867
8656
3229
20441
12907
8280
1619
13066
1823
22951
7532
26866
9994
6968
16898
22422
32048
3280
600
890
11794
27326
27664
15369
8832
13665
3486
26423
13487
31212
11260
12389
13195
6246
159
7813
12366
10997
5035
21886
19026
29275
1635
1746
27939
27585
25059
21886
13529
29620
15889
12578
27813
6765
21713
27745
23465
3413
21880
4747
21517
14792
3204
16505
14415
3353
13194
1209
27354
30167
32111
2796
23515
2639
13019
5739
10576
30802
29419
4145
1377
8761
27686
11253
22260
3365
8627
26774
18556
1164
4297
28604
14609
5873
19046
6333
17350
20466
21828
4797
20791
21384
27657
31258
26465
16011
27581
23815
11191
28788
1666
29558
19314
8807
3711
3644
15912
28529
27934
367
5792
12814
6775
3603
21989
23278
10508
3830
29849
9464
14774
27865
5772
19088
27615
7632
7309
8213
7666
13292
2176
14254
4624
16150
26545
29255
19205
1598
14184
8662
13690
23478
30654
8419
29035
4312
24750
839
20444
19695
28015
17460
22728
19285
12801
5493
27995
17624
12039
13303
23137
2146
6100
25993
28413
1754
16072
992
27550
22085
7133
14558
23855
28721
8573
20500
14478
12115
21399
16773
19008
20591
21745
22956
20067
31352
24256
8897
17635
4601
22134
29497
22001
23475
30171
17804
23217
12935
14687
15674
24115
21655
2222
32016
10917
2985
19846
12967
14023
13516
27845
31535
1951
27453
21959
1386
23149
23179
7150
5371
10977
31738
20098
19169
27020
17189
700
22335
30357
32232
17437
30814
13485
27517
24324
27380
18500
20197
14720
12199
22269
138
11875
18893
23392
17186
7832
23414
24784
24534
11446
17068
15292
19876
22228
7161
4633
26626
25248
20010
18447
30916
20395
851
9458
6463
17415
13075
17525
11951
10004
8729
10266
1494
24215
31463
31981
20966
25100
25558
26994
4769
6206
13915
30684
9663
13076
15240
28799
1936
32174
4566
14472
1762
20656
8225
2284
28709
8414
14836
4510
29645
23530
22791
23813
19448
1929
4102
1965
25937
22220
6804
8253
3892
10670
11920
17321
30483
10986
29335
18856
29464
15
15818
5481
24587
16341
1233
24193
5751
8882
6176
1577
15112
8617
6008
19622
28216
30563
16049
31496
7978
14208
28600
21783
1494
28719
7636
26507
2151
2556
32301
1659
4065
23018
8590
4120
4103
6594
23402
18331
18044
15018
6685
23676
29992
17913
5237
29157
7133
16458
28785
14950
30011
17104
18248
31722
15057
16105
10925
4074
29828
8181
3922
13280
22325
16232
16555
15871
30366
24350
16884
2593
20093
7663
16501
13057
26357
6788
31493
27562
6193
14440
17101
3375
12618
15202
31054
11421
1643
11523
12198
19758
10803
16507
19214
703
22106
10417
21160
6276
18328
5266
19064
4091
4290
17832
16303
3102
10551
29935
27184
31965
14970
31205
1869
7883
28960
26593
20945
8984
21741
5541
15172
5055
27706
17206
19050
18432
11929
20972
17165
32017
2748
17093
31484
26385
915
28414
84
20029
10421
12005
29950
3174
28161
25321
17273
32419
9861
4851
4314
16195
9887
6137
4113
15365
20833
976
6765
31884
5434
15169
12643
11533
7123
30304
19851
16715
12600
6937
7915
17349
9784
9740
8824
9517
12814
5531
12506
8221
5953
2880
27248
1286
4040
5924
9364
617
17522
25070
15392
15689
21381
10457
28976
19936
10917
16394
12330
29841
14328
3872
27644
6942
13960
15372
28069
30235
6633
30755
15607
23202
23835
9073
1691
7241
14513
14929
9045
1873
1075
16699
9353
19232
18114
8924
2559
26865
15098
13420
1251
31435
18973
21564
27664
26287
17005
22158
17806
21014
19673
13482
2392
27035
26076
12846
355
20724
23971
27814
27357
20262
9070
2396
15538
2809
24632
30066
14165
27562
9370
27693
8637
29153
11757
14228
22446
7394
1711
24378
3385
12295
1575
14680
27526
27758
29516
4638
27345
4847
20196
23883
3507
16977
2281
9724
24995
1469
9520
12481
26812
10098
4941
1014
20673
7099
15793
19025
7006
6174
5141
17335
7088
10967
5404
14420
27912
26245
6963
8682
18156
30242
28860
32617
21087
11576
28525
1729
25699
26706
12018
10484
16827
20913
1754
7279
20469
24129
26544
24986
22440
5836
20328
30126
15355
364
23806
10183
19302
16198
18265
17466
3517
12917
15221
2600
13162
16453
26049
8019
2553
930
10950
30257
6619
976
21258
23103
20835
17244
11828
5784
24853
15186
29040
27334
11552
5808
21781
16856
30761
16923
13702
24500
11082
9169
15190
30895
24411
4063
20143
26459
2928
19604
23028
29856
31906
15157
8101
26127
31507
30962
10115
18034
16428
3097
1781
7336
8745
29066
2219
1200
6360
7787
30593
24323
32669
18972
4262
2599
14522
5229
24829
23169
5581
23567
4547
17515
10650
22857
26739
27782
26379
20716
32230
4689
12661
29577
28863
2299
16925
15585
5894
12918
1787
26525
29459
12493
24254
18752
28590
16823
22032
10841
10100
30828
18970
28413
15229
18871
5195
9076
32059
7757
9045
16691
28581
24413
9593
16394
25493
12648
10245
18335
13167
20819
20507
5403
25092
18363
4275
26915
8374
26248
483
4618
220
17605
15711
26181
21608
11439
25660
17183
455
12299
12793
25518
20232
22205
16575
9221
26689
7063
25320
1195
9518
11119
13759
588
21020
6772
20870
5551
5
962
15038
28648
8189
18227
30882
18127
28108
22904
29941
17840
28125
23145
2301
30276
599
26010
23504
13792
23433
20783
30158
2797
18315
20209
11631
28312
9506
9121
20799
24266
32229
26764
13094
19547
2974
2911
30957
14723
11507
61
22014
7313
3398
23055
4715
23263
985
15643
818
28677
28214
24537
22464
5453
2510
3585
24755
32103
4320
25065
13284
30814
7836
10254
20901
5067
7817
8432
12103
2889
19236
5412
19168
7464
32714
28580
11338
5990
25047
21097
30575
12506
9488
22844
29636
691
28478
32457
11540
13857
7964
22517
4479
14930
31347
6513
12482
5792
1924
7055
185
11529
5542
20565
19234
223
14640
24529
10403
21952
16025
24235
11535
15049
22750
21249
10469
22023
3876
31598
9241
1070
11679
3180
30231
8334
15794
22493
7942
2370
18776
4836
17993
13227
28098
11769
588
25885
322
29501
19837
25559
20583
24330
19608
13369
13930
26319
18984
13873
5320
8731
2891
14071
28209
2551
25013
19194
10401
17017
7927
1050
15053
8854
19713
22551
18624
28216
20454
19273
29638
30352
21728
13202
24969
5294
12948
10130
15994
12879
7831
28185
16242
21750
23600
482
26265
24382
18528
32126
3976
31854
26399
910
1706
27214
21993
30517
12264
5433
18297
6349
133
14964
27861
23257
20550
1214
28554
827
17879
22312
24889
27816
25194
14887
17490
31832
28833
7912
4640
8194
23214
27875
25094
26631
11193
3507
5640
4590
16513
27429
12428
5904
27463
5007
14178
5012
3816
30819
18435
6558
30025
31491
16662
17604
25847
15319
9529
8642
14863
24478
6909
15982
1628
16129
11826
30190
31936
13422
13926
19752
11221
31779
1704
29562
19411
23177
19090
15275
9141
31940
13446
8482
18839
18312
24887
11606
16995
2094
5227
20870
17580
15367
13056
2218
8922
25072
7725
21929
8328
2598
21515
29132
14122
6236
31060
16243
3571
27659
12394
21767
10486
25354
24987
13359
5003
27230
22691
327
2548
4435
23410
20238
26176
21196
7728
21150
21616
2263
14463
5026
4569
16004
32768
27843
15305
21496
27672
28771
29037
10429
26356
1422
19698
16476
12234
20781
30699
5422
12898
16253
24307
3439
30678
16832
18579
18068
5270
5171
21350
10974
14254
8255
8058
1328
16204
20211
9978
1822
30332
24498
2570
30022
24631
5929
20979
28131
13212
23172
28544
32159
28029
2786
30888
30377
6941
13574
26988
15880
16952
26959
27651
815
2628
20458
27701
5585
2807
19782
31237
19958
25609
19144
16274
14927
571
30657
3647
2246
13720
5789
18194
23898
31995
10845
8794
2858
10961
6215
6805
25551
18208
4571
32400
4335
21193
23306
28368
11279
20490
16547
18993
2217
13382
21262
19917
25727
9993
14652
27679
29230
12871
12254
8041
29190
18404
2261
15186
19737
16505
16106
468
26258
14166
29120
32597
5961
26563
24070
29204
1940
28556
9713
16583
23391
6844
32234
17539
25727
7336
4484
27099
20291
23087
13488
27980
32076
10561
13620
14041
671
10654
24665
6386
30969
6880
4324
30362
7523
21436
22856
5321
27653
16005
7706
6927
11839
32497
13509
1915
12022
9504
23167
6587
2348
4570
6012
31108
17620
28697
25185
7221
13796
26567
6139
11703
20907
28104
6961
167
28261
21819
12599
18871
8461
1533
28165
10833
11634
31855
17672
20094
15501
30330
4631
8711
19730
29136
11944
24794
4677
24436
26436
1710
13583
12412
25912
25066
11089
8214
24718
19907
6520
24265
11835
22437
29266
765
32410
21461
18720
25278
24601
9556
2540
15037
23091
15622
3100
18071
13470
5139
13128
11866
16069
9614
4681
27974
11128
11093
17554
5584
21730
8760
29124
5869
31932
22877
12156
26252
23745
4322
13679
13668
7010
27589
6074
4081
30906
14593
31603
4281
18372
22522
31108
2004
1996
15387
9145
15275
12835
21438
24599
9984
4119
22092
3696
22575
11554
15781
11316
21939
14690
28354
27274
11243
28745
21913
27295
2078
22422
30784
5182
1214
27268
17750
15010
2793
1345
8607
904
27957
9377
30958
17544
8109
19988
22088
19108
12567
13270
18246
16418
27001
26981
3771
9367
12763
15416
27287
2885
10573
1198
28939
5030
2860
837
18670
20553
19106
7692
16736
4061
1900
4699
3245
15500
16352
28353
8820
17802
25646
26942
3336
18157
12006
26034
9750
25535
26298
16534
1672
1617
28038
12778
11690
31443
16525
23662
9099
6178
19973
23829
6823
27361
17367
28343
21698
5835
15264
30214
20247
25159
26619
2499
31154
8253
9986
19250
32283
27689
7698
8907
22836
27758
17103
13618
19556
3820
30056
9321
27125
29652
4125
28997
16571
31419
4094
4382
27383
9710
15093
3019
1146
18438
26374
13773
19470
12220
18134
23243
29713
17918
24426
27711
26211
21058
2866
2158
32643
22810
11846
28061
1268
18696
32751
11650
23270
27028
3433
13561
15634
16541
23015
31736
32486
25069
16344
29125
5858
23824
30569
31078
31042
15717
26187
2650
1501
20597
7350
18822
3405
9860
9134
11890
12624
358
133
2229
9326
9620
4513
31150
3292
16767
10367
13941
3745
24356
1272
9745
16631
5089
5571
12268
4852
25223
8764
20100
25449
944
16739
14946
20491
2131
16936
16720
32720
2709
26854
7623
27804
24802
9773
25255
28701
1853
10948
20266
6131
13012
31982
7963
1301
17368
29421
11075
23152
2443
14021
28197
32465
3227
14146
16619
13828
21422
10812
25759
21822
22078
1050
11166
5816
4519
2197
22346
20637
29822
22719
32256
4902
5157
8771
3402
29187
24732
21486
15445
31998
19098
31598
677
11227
4061
12378
26375
16770
8638
12403
15047
27232
23048
4394
5412
6666
29194
10850
8961
27683
28651
7798
7901
3201
32318
9086
1285
27275
25046
29134
22536
15333
476
31680
2412
4688
13854
21172
23199
2251
20394
23892
18992
19454
3996
17181
24895
473
52
12571
30003
21625
25644
23539
12715
9291
12360
25383
32438
9587
17198
31126
5958
27759
20344
30530
25570
11767
11272
14422
28060
13864
32411
28008
32067
23266
29857
16635
15065
28015
32333
30280
24903
28517
16360
25918
23120
3789
11626
30663
22212
11652
1099
3149
14070
30690
6039
24957
22383
20122
8769
28490
5604
2017
5049
20789
8806
19411
2752
9676
28889
4114
29308
1905
24231
30384
30151
605
24758
5199
15565
11237
19863
24966
10454
16123
6144
23431
608
25079
3452
6143
19825
31128
28001
20542
14379
11589
27650
10136
22433
153
30247
12555
9961
9759
18618
30754
31859
28506
12483
4376
27032
32265
1943
29761
14454
6824
16203
10406
31740
21562
4975
495
26177
19782
12793
30087
22810
23072
28800
19194
25835
21609
25003
11170
10685
18393
24296
21890
20113
23612
23137
30066
756
8379
3372
27773
16084
7261
21953
1159
13458
18382
23218
22578
10584
21598
17814
29187
10157
25676
10822
26305
16455
6213
28237
28446
19744
5672
17561
17562
27340
27916
4471
17827
7177
31364
19134
9473
19352
13602
10313
10353
8267
57
14507
14992
22368
27879
11807
21499
6413
3155
30654
32693
31580
14132
31477
32457
10041
28307
309
20272
21449
14801
11756
6644
3070
9707
4277
19606
29289
18941
10187
25006
30543
29957
26308
7377
13566
26858
5500
15799
26209
18109
6991
28317
11219
4158
2699
29161
4657
25250
36
21261
4147
