23037
2458
26133
20190
6471
28014
20932
20884
7710
7488
22409
4052
18158
349
29645
13429
29445
7273
31989
24917
3481
31314
9866
13805
18957
2946
16279
9257
30064
16473
12371
1910
327
30938
31488
12828
11148
7332
17427
25806
26614
28452
9621
25727
28283
29706
20937
8824
4884
30713
18703
10920
19136
4483
9992
19515
459
11860
19195
12398
10064
173
24440
21409
4605
24853
1339
5293
8726
30795
9554
20089
17596
17790
11907
12232
15472
21696
16872
17749
21203
14777
4828
27170
22447
8856
32283
4621
4411
5967
7204
8868
411
14592
21218
20026
9639
5554
10892
9531
