5
13
15
17
36
42
52
57
61
61
84
87
89
90
105
133
133
138
153
155
157
159
167
178
180
182
185
200
207
220
223
235
243
256
262
308
309
322
327
344
355
358
364
367
381
412
455
468
473
476
482
483
484
489
495
498
515
517
541
548
568
571
588
588
593
599
600
605
608
617
618
629
637
652
668
671
677
691
700
703
709
724
728
756
761
765
765
766
772
774
779
781
792
805
815
816
818
822
826
827
831
837
839
846
851
854
869
878
882
885
890
904
910
915
917
930
944
947
958
962
976
976
980
985
992
992
1010
1011
1014
1022
1045
1046
1050
1050
1070
1071
1075
1086
1099
1114
1124
1141
1146
1154
1157
1159
1164
1195
1198
1200
1202
1202
1203
1209
1209
1214
1214
1218
1225
1225
1231
1233
1238
1248
1251
1253
1263
1268
1272
1285
1286
1301
1328
1333
1345
1350
1377
1386
1396
1404
1414
1422
1422
1426
1447
1469
1471
1485
1490
1494
1494
1501
1512
1533
1533
1556
1575
1577
1587
1598
1605
1605
1608
1617
1619
1628
1633
1635
1643
1659
1662
1666
1666
1672
1675
1681
1691
1693
1704
1705
1706
1709
1710
1711
1717
1729
1746
1754
1754
1756
1762
1781
1787
1799
1806
1820
1822
1823
1824
1835
1845
1853
1869
1873
1879
1883
1889
1900
1905
1905
1915
1924
1929
1936
1940
1943
1951
1951
1961
1965
1967
1969
1984
1992
1996
2004
2017
2047
2053
2061
2064
2068
2078
2090
2094
2098
2114
2131
2142
2146
2151
2158
2176
2192
2194
2197
2209
2209
2213
2215
2217
2218
2219
2222
2229
2246
2251
2261
2263
2275
2281
2284
2286
2299
2301
2310
2348
2349
2354
2363
2364
2370
2380
2392
2396
2412
2429
2431
2437
2441
2443
2479
2482
2487
2499
2510
2517
2519
2531
2540
2548
2551
2553
2555
2556
2559
2560
2567
2570
2570
2591
2593
2598
2599
2600
2628
2632
2639
2644
2650
2656
2668
2684
2689
2691
2691
2692
2696
2699
2703
2706
2709
2748
2749
2752
2786
2793
2796
2797
2807
2809
2827
2830
2852
2858
2860
2863
2866
2880
2885
2889
2891
2894
2904
2911
2921
2928
2949
2974
2985
3019
3035
3070
3097
3100
3102
3112
3127
3149
3152
3155
3157
3174
3180
3196
3201
3204
3205
3220
3227
3229
3245
3255
3277
3280
3291
3292
3298
3313
3322
3332
3336
3348
3353
3360
3363
3365
3372
3375
3385
3398
3402
3405
3413
3418
3428
3433
3439
3444
3452
3467
3486
3490
3507
3507
3511
3517
3528
3545
3548
3551
3571
3574
3581
3585
3603
3604
3611
3613
3630
3644
3647
3652
3662
3668
3674
3696
3700
3711
3735
3745
3771
3789
3813
3816
3818
3820
3827
3830
3869
3872
3876
3892
3893
3895
3906
3908
3918
3922
3930
3946
3963
3976
3988
3996
3999
4009
4016
4021
4027
4040
4042
4061
4061
4063
4065
4074
4080
4081
4085
4087
4091
4094
4097
4102
4103
4113
4114
4119
4120
4124
4125
4143
4145
4147
4158
4163
4206
4212
4220
4224
4242
4262
4275
4276
4277
4281
4286
4290
4297
4312
4314
4320
4322
4324
4326
4335
4353
4376
4382
4394
4412
4415
4415
4435
4471
4472
4479
4484
4510
4513
4519
4547
4561
4566
4569
4570
4571
4590
4601
4618
4619
4624
4625
4631
4633
4638
4640
4648
4655
4656
4657
4657
4672
4677
4681
4688
4689
4699
4715
4731
4747
4769
4771
4778
4779
4797
4797
4800
4818
4836
4847
4851
4852
4881
4900
4902
4912
4933
4934
4941
4975
5003
5007
5012
5026
5030
5035
5049
5052
5055
5067
5089
5100
5111
5139
5141
5148
5150
5152
5157
5171
5174
5182
5187
5189
5193
5195
5199
5227
5229
5229
5237
5238
5251
5266
5270
5294
5320
5321
5326
5334
5367
5371
5378
5391
5402
5403
5404
5412
5412
5421
5422
5428
5431
5433
5434
5453
5464
5464
5481
5493
5499
5500
5503
5519
5524
5527
5530
5531
5537
5541
5542
5551
5560
5571
5574
5581
5584
5585
5604
5625
5640
5654
5663
5672
5680
5698
5705
5713
5731
5739
5747
5751
5760
5772
5784
5789
5792
5792
5794
5803
5808
5816
5830
5835
5836
5838
5840
5845
5855
5858
5869
5873
5885
5894
5904
5908
5918
5924
5925
5929
5929
5953
5956
5958
5961
5980
5990
5991
6008
6012
6014
6039
6046
6048
6074
6078
6091
6095
6100
6131
6137
6139
6143
6144
6144
6145
6160
6166
6174
6176
6178
6193
6206
6213
6215
6236
6246
6252
6257
6271
6276
6277
6327
6333
6345
6349
6360
6378
6386
6387
6412
6413
6423
6444
6449
6453
6463
6463
6467
6483
6513
6520
6525
6549
6558
6587
6591
6594
6619
6633
6644
6645
6654
6656
6666
6685
6691
6693
6707
6709
6719
6757
6765
6765
6772
6775
6788
6792
6804
6804
6805
6807
6815
6818
6820
6823
6824
6843
6844
6867
6869
6869
6871
6879
6880
6902
6909
6927
6935
6937
6941
6942
6956
6957
6961
6961
6963
6968
6991
7005
7006
7006
7010
7019
7021
7032
7036
7051
7055
7055
7063
7069
7071
7088
7099
7099
7100
7104
7123
7133
7133
7150
7159
7161
7165
7177
7183
7209
7221
7232
7241
7255
7255
7261
7263
7276
7279
7287
7295
7307
7309
7313
7324
7334
7336
7336
7336
7338
7350
7351
7363
7372
7377
7379
7394
7428
7428
7435
7448
7458
7459
7464
7465
7466
7513
7514
7523
7531
7532
7545
7546
7573
7594
7598
7614
7623
7629
7632
7636
7652
7659
7663
7666
7684
7685
7692
7698
7706
7709
7719
7724
7725
7728
7743
7757
7757
7781
7787
7798
7808
7813
7813
7817
7825
7831
7832
7832
7836
7869
7883
7889
7901
7912
7915
7915
7927
7942
7942
7963
7964
7968
7977
7978
7996
8019
8019
8039
8041
8042
8047
8050
8056
8058
8065
8065
8089
8101
8109
8142
8144
8159
8181
8184
8189
8194
8206
8213
8214
8221
8225
8253
8253
8255
8262
8267
8280
8284
8290
8296
8302
8328
8334
8347
8363
8367
8374
8374
8379
8382
8394
8414
8419
8421
8432
8443
8455
8461
8462
8464
8482
8486
8501
8507
8509
8512
8547
8568
8569
8573
8590
8607
8617
8622
8627
8637
8638
8639
8642
8644
8656
8662
8675
8675
8681
8682
8706
8710
8711
8714
8717
8723
8729
8731
8740
8745
8760
8761
8764
8769
8771
8786
8794
8806
8807
8811
8820
8824
8832
8840
8852
8854
8859
8874
8882
8894
8897
8898
8907
8909
8922
8924
8929
8934
8952
8961
8984
8999
9000
9010
9014
9045
9045
9070
9073
9076
9078
9086
9098
9099
9120
9121
9126
9134
9137
9141
9145
9157
9166
9169
9185
9214
9221
9222
9238
9241
9269
9291
9291
9295
9298
9321
9326
9353
9362
9364
9367
9370
9377
9382
9390
9451
9458
9464
9473
9482
9488
9504
9505
9506
9507
9517
9518
9520
9523
9529
9556
9566
9587
9593
9593
9614
9620
9639
9650
9663
9665
9671
9676
9695
9699
9699
9701
9707
9710
9713
9724
9728
9740
9745
9750
9752
9754
9759
9766
9773
9784
9824
9830
9857
9860
9861
9864
9869
9878
9887
9916
9919
9927
9946
9952
9961
9978
9984
9986
9986
9992
9993
9994
9994
10004
10015
10024
10030
10033
10037
10039
10041
10064
10082
10088
10098
10100
10103
10104
10106
10112
10115
10117
10130
10136
10137
10153
10157
10158
10167
10171
10183
10187
10207
10208
10212
10245
10246
10247
10254
10259
10263
10266
10270
10307
10313
10318
10351
10353
10359
10367
10375
10379
10396
10401
10403
10406
10417
10421
10429
10454
10457
10469
10475
10484
10486
10489
10508
10530
10531
10534
10534
10534
10546
10551
10552
10557
10557
10558
10561
10573
10576
10584
10592
10603
10614
10633
10641
10646
10650
10654
10662
10670
10685
10705
10721
10744
10756
10757
10759
10774
10787
10798
10803
10805
10808
10812
10822
10824
10833
10835
10835
10841
10842
10845
10850
10859
10867
10875
10917
10917
10925
10937
10948
10950
10954
10958
10960
10961
10963
10967
10974
10977
10985
10986
10992
10997
11004
11010
11014
11021
11060
11069
11075
11082
11087
11089
11093
11115
11119
11128
11158
11166
11167
11170
11180
11191
11193
11195
11217
11217
11219
11221
11223
11227
11236
11237
11237
11241
11241
11243
11253
11260
11260
11272
11277
11279
11284
11294
11296
11299
11316
11338
11340
11364
11375
11385
11389
11401
11403
11421
11439
11446
11448
11463
11465
11471
11478
11489
11507
11523
11529
11533
11534
11535
11540
11552
11554
11576
11576
11589
11600
11604
11606
11606
11617
11626
11631
11634
11646
11650
11652
11654
11672
11673
11679
11684
11690
11697
11703
11703
11756
11757
11759
11767
11769
11786
11789
11792
11793
11794
11807
11822
11826
11826
11828
11834
11835
11836
11839
11846
11866
11874
11875
11876
11882
11888
11890
11894
11901
11910
11920
11929
11932
11944
11951
11964
11978
12005
12006
12009
12018
12022
12037
12039
12061
12080
12099
12103
12105
12114
12115
12116
12123
12156
12179
12185
12198
12199
12220
12234
12254
12264
12265
12267
12268
12274
12280
12285
12295
12299
12330
12339
12340
12341
12350
12353
12356
12360
12366
12371
12378
12387
12389
12394
12398
12403
12403
12412
12422
12428
12466
12473
12481
12482
12483
12493
12502
12506
12506
12511
12513
12524
12547
12552
12555
12562
12567
12567
12571
12571
12578
12578
12581
12599
12600
12618
12624
12627
12643
12648
12661
12670
12681
12706
12715
12733
12748
12763
12771
12774
12778
12784
12793
12793
12793
12801
12811
12814
12814
12835
12846
12858
12871
12872
12879
12898
12907
12917
12918
12923
12931
12935
12948
12967
12984
13004
13012
13012
13019
13019
13037
13056
13057
13066
13075
13076
13080
13085
13094
13101
13101
13105
13113
13128
13143
13162
13167
13187
13194
13195
13202
13212
13218
13227
13270
13277
13280
13284
13287
13292
13293
13303
13359
13361
13369
13372
13375
13382
13386
13393
13395
13398
13410
13420
13422
13435
13446
13448
13458
13470
13478
13482
13485
13487
13488
13492
13509
13516
13518
13520
13523
13529
13540
13561
13565
13566
13574
13583
13583
13590
13602
13618
13620
13637
13638
13657
13658
13664
13664
13665
13668
13679
13690
13702
13720
13737
13759
13772
13773
13778
13792
13796
13822
13828
13837
13842
13854
13854
13857
13864
13873
13880
13881
13906
13907
13915
13919
13926
13926
13930
13941
13957
13960
13960
13980
13987
13991
14021
14023
14041
14058
14068
14068
14070
14071
14103
14108
14122
14132
14138
14146
14157
14165
14166
14167
14174
14177
14178
14184
14202
14207
14208
14228
14251
14254
14254
14254
14257
14272
14288
14293
14311
14328
14329
14331
14374
14379
14405
14415
14420
14420
14422
14427
14427
14432
14440
14440
14446
14447
14454
14457
14463
14472
14478
14495
14507
14508
14509
14513
14518
14522
14535
14558
14587
14593
14594
14608
14609
14628
14636
14640
14652
14676
14680
14687
14690
14690
14690
14708
14716
14720
14723
14746
14751
14774
14778
14789
14792
14801
14812
14823
14836
14863
14874
14887
14888
14896
14899
14907
14927
14929
14930
14945
14946
14950
14963
14964
14970
14975
14982
14992
15008
15010
15012
15018
15024
15037
15038
15047
15048
15049
15053
15057
15058
15065
15066
15084
15087
15087
15093
15095
15098
15100
15104
15112
15148
15148
15157
15169
15172
15186
15186
15186
15190
15193
15195
15202
15217
15221
15229
15240
15249
15264
15275
15275
15275
15277
15292
15305
15319
15329
15333
15355
15359
15365
15367
15369
15372
15374
15378
15383
15383
15387
15392
15416
15438
15445
15463
15499
15500
15501
15504
15520
15520
15538
15538
15551
15554
15556
15562
15565
15577
15584
15585
15595
15607
15617
15622
15634
15643
15662
15667
15674
15685
15685
15689
15691
15704
15708
15711
15717
15718
15733
15742
15774
15781
15786
15793
15794
15794
15799
15802
15818
15855
15871
15880
15889
15897
15898
15903
15907
15912
15956
15970
15980
15982
15989
15994
15994
16004
16005
16011
16015
16025
16049
16060
16069
16069
16072
16084
16092
16105
16106
16107
16115
16123
16129
16150
16162
16178
16179
16183
16187
16191
16195
16195
16198
16203
16204
16232
16233
16242
16243
16246
16253
16274
16279
16303
16303
16327
16335
16341
16344
16352
16353
16360
16362
16394
16394
16412
16418
16428
16453
16455
16458
16469
16471
16476
16484
16493
16501
16505
16505
16507
16511
16513
16525
16534
16541
16547
16555
16571
16572
16575
16580
16581
16583
16590
16604
16608
16619
16623
16631
16635
16662
16677
16691
16694
16699
16711
16715
16720
16724
16727
16736
16737
16739
16767
16770
16773
16778
16798
16798
16823
16827
16832
16835
16838
16848
16848
16852
16856
16879
16884
16898
16916
16923
16925
16927
16935
16936
16949
16952
16977
16977
16982
16995
17001
17005
17017
17021
17022
17035
17068
17069
17073
17076
17093
17094
17101
17102
17103
17104
17127
17135
17148
17165
17181
17182
17183
17186
17189
17198
17205
17206
17221
17234
17234
17244
17252
17259
17265
17268
17273
17282
17309
17321
17333
17335
17349
17350
17364
17365
17367
17368
17381
17394
17399
17415
17437
17451
17460
17465
17466
17490
17501
17504
17507
17513
17515
17522
17523
17525
17539
17544
17546
17554
17561
17562
17570
17580
17590
17604
17605
17613
17617
17620
17624
17635
17646
17662
17672
17679
17694
17746
17750
17774
17802
17804
17806
17807
17814
17827
17828
17832
17840
17873
17879
17894
17898
17902
17913
17914
17918
17928
17969
17989
17990
17993
17999
18007
18020
18024
18034
18044
18051
18068
18071
18094
18098
18109
18114
18127
18134
18136
18140
18156
18157
18158
18194
18200
18208
18213
18222
18227
18246
18248
18253
18264
18265
18265
18285
18297
18305
18312
18315
18328
18331
18335
18335
18363
18372
18382
18384
18384
18393
18404
18408
18414
18432
18435
18438
18445
18447
18456
18458
18477
18485
18498
18500
18517
18521
18528
18538
18556
18572
18579
18586
18588
18610
18618
18624
18629
18645
18648
18652
18670
18674
18678
18693
18696
18717
18720
18724
18727
18736
18739
18742
18752
18769
18776
18792
18792
18797
18798
18803
18822
18826
18839
18841
18848
18856
18871
18871
18893
18919
18939
18941
18942
18970
18972
18973
18982
18984
18986
18992
18993
18996
19002
19008
19025
19026
19030
19046
19050
19064
19080
19088
19090
19094
19098
19106
19108
19114
19119
19125
19128
19129
19134
19140
19144
19151
19159
19163
19168
19169
19194
19194
19205
19214
19221
19232
19234
19236
19237
19237
19250
19273
19274
19282
19285
19302
19304
19314
19334
19334
19352
19355
19369
19386
19407
19411
19411
19416
19430
19431
19439
19448
19454
19460
19470
19504
19529
19536
19547
19549
19556
19588
19597
19604
19606
19608
19611
19619
19622
19624
19636
19641
19653
19673
19695
19698
19713
19718
19722
19728
19730
19737
19744
19752
19758
19761
19782
19782
19791
19806
19825
19829
19830
19837
19846
19851
19851
19858
19863
19876
19907
19917
19936
19944
19944
19946
19954
19958
19968
19968
19973
19988
19997
20010
20023
20029
20030
20032
20034
20046
20054
20067
20079
20090
20093
20094
20095
20098
20099
20100
20113
20113
20117
20118
20120
20122
20143
20170
20171
20188
20188
20188
20196
20197
20202
20209
20211
20216
20231
20232
20238
20247
20258
20262
20266
20272
20277
20278
20284
20286
20291
20293
20301
20305
20328
20337
20344
20346
20358
20358
20374
20378
20381
20393
20394
20395
20409
20431
20435
20441
20444
20449
20454
20458
20466
20469
20476
20483
20490
20491
20500
20507
20511
20519
20531
20542
20547
20547
20550
20553
20562
20565
20579
20583
20591
20597
20605
20606
20608
20616
20632
20637
20656
20673
20678
20679
20684
20692
20713
20716
20716
20718
20718
20724
20734
20738
20747
20754
20761
20761
20781
20783
20789
20791
20794
20799
20801
20817
20819
20833
20835
20856
20862
20868
20870
20870
20901
20901
20907
20913
20924
20931
20945
20949
20955
20966
20972
20973
20977
20979
20996
21014
21017
21020
21027
21036
21058
21062
21087
21090
21097
21098
21106
21111
21134
21147
21149
21150
21156
21156
21160
21162
21171
21172
21193
21194
21196
21200
21201
21228
21237
21249
21258
21261
21262
21264
21274
21287
21293
21295
21297
21304
21312
21324
21350
21362
21381
21383
21384
21399
21419
21422
21436
21438
21441
21449
21461
21474
21486
21496
21499
21515
21517
21530
21562
21564
21596
21598
21603
21608
21609
21616
21617
21624
21625
21645
21655
21698
21713
21718
21721
21728
21730
21734
21741
21741
21745
21750
21759
21767
21781
21783
21792
21794
21797
21804
21819
21822
21828
21880
21885
21886
21886
21890
21891
21913
21919
21929
21938
21939
21944
21946
21952
21953
21959
21961
21962
21971
21984
21989
21993
21993
22001
22014
22023
22032
22044
22049
22051
22055
22056
22078
22085
22088
22092
22103
22106
22107
22110
22134
22140
22149
22152
22158
22172
22181
22191
22198
22202
22205
22207
22212
22220
22228
22232
22243
22245
22255
22258
22260
22269
22284
22293
22300
22312
22314
22325
22335
22346
22368
22383
22393
22398
22405
22416
22422
22422
22426
22433
22437
22440
22446
22449
22464
22493
22495
22499
22517
22518
22522
22536
22540
22551
22571
22575
22578
22596
22600
22621
22625
22630
22660
22663
22667
22691
22700
22712
22719
22728
22734
22743
22749
22750
22771
22791
22810
22810
22810
22832
22836
22839
22844
22856
22857
22858
22866
22869
22877
22904
22906
22919
22948
22951
22951
22953
22956
22963
22981
23007
23015
23018
23028
23048
23055
23067
23072
23079
23087
23087
23091
23095
23103
23120
23132
23137
23137
23145
23149
23149
23152
23153
23162
23167
23169
23172
23177
23179
23199
23202
23214
23217
23218
23219
23221
23231
23238
23243
23249
23257
23260
23263
23266
23266
23268
23269
23270
23278
23282
23287
23296
23299
23306
23309
23315
23322
23330
23342
23371
23376
23376
23384
23391
23392
23397
23400
23402
23410
23413
23414
23415
23431
23433
23434
23435
23450
23450
23461
23465
23475
23478
23485
23504
23513
23515
23530
23539
23544
23566
23567
23571
23571
23589
23590
23600
23602
23612
23617
23627
23637
23657
23662
23663
23676
23702
23702
23712
23713
23714
23735
23745
23745
23772
23789
23790
23806
23807
23809
23810
23813
23815
23824
23829
23835
23842
23855
23857
23870
23883
23883
23892
23893
23898
23911
23921
23926
23971
24017
24020
24023
24069
24070
24115
24129
24133
24144
24144
24152
24167
24173
24189
24193
24193
24196
24215
24225
24231
24235
24237
24253
24254
24256
24259
24265
24266
24296
24297
24298
24299
24306
24307
24323
24324
24330
24334
24350
24356
24370
24378
24380
24382
24384
24398
24411
24413
24426
24436
24454
24478
24498
24500
24529
24534
24537
24551
24563
24583
24587
24588
24599
24601
24619
24631
24632
24647
24659
24665
24669
24717
24718
24732
24750
24755
24758
24763
24784
24794
24802
24806
24829
24853
24859
24866
24887
24889
24895
24903
24918
24926
24957
24966
24969
24980
24986
24987
24988
24995
25003
25006
25010
25013
25031
25046
25047
25056
25059
25065
25066
25069
25070
25072
25079
25084
25084
25092
25094
25100
25110
25123
25152
25159
25171
25185
25187
25194
25205
25220
25220
25223
25231
25248
25250
25254
25255
25278
25282
25306
25320
25321
25326
25331
25354
25356
25369
25370
25376
25376
25383
25398
25434
25443
25449
25459
25471
25477
25493
25495
25503
25518
25532
25535
25546
25551
25558
25559
25570
25580
25602
25608
25609
25613
25614
25625
25633
25644
25646
25660
25662
25668
25676
25690
25699
25711
25722
25725
25727
25727
25751
25759
25764
25765
25768
25769
25799
25815
25820
25821
25830
25835
25837
25847
25869
25876
25885
25896
25912
25918
25924
25927
25932
25937
25947
25988
25992
25993
26004
26008
26010
26026
26034
26049
26049
26076
26080
26089
26096
26107
26127
26152
26159
26176
26177
26181
26185
26186
26187
26199
26209
26211
26240
26243
26245
26245
26247
26248
26249
26252
26258
26265
26281
26287
26290
26296
26298
26301
26305
26307
26308
26319
26323
26324
26348
26352
26356
26357
26360
26360
26368
26374
26375
26379
26385
26399
26421
26423
26426
26432
26436
26438
26441
26454
26459
26464
26465
26476
26487
26507
26509
26511
26525
26544
26545
26547
26560
26563
26567
26584
26593
26619
26626
26626
26631
26689
26702
26706
26739
26764
26774
26776
26811
26812
26813
26853
26854
26858
26865
26866
26881
26884
26885
26898
26904
26904
26915
26929
26941
26942
26947
26951
26959
26963
26974
26975
26979
26981
26983
26988
26994
27001
27008
27013
27014
27020
27028
27032
27035
27073
27075
27076
27084
27091
27099
27116
27124
27125
27141
27146
27150
27183
27184
27212
27214
27230
27232
27248
27251
27263
27268
27274
27275
27287
27289
27295
27297
27304
27318
27326
27330
27331
27334
27336
27340
27345
27354
27357
27361
27370
27380
27381
27383
27403
27412
27429
27436
27453
27460
27463
27477
27502
27503
27517
27526
27547
27550
27559
27562
27562
27577
27581
27585
27585
27589
27592
27592
27595
27600
27615
27637
27639
27644
27650
27651
27653
27655
27657
27659
27664
27664
27672
27679
27683
27686
27689
27693
27696
27701
27706
27711
27716
27737
27745
27758
27758
27759
27764
27771
27773
27780
27782
27787
27804
27810
27813
27814
27815
27816
27817
27843
27845
27858
27861
27865
27875
27879
27885
27905
27912
27912
27916
27921
27927
27934
27939
27946
27957
27974
27980
27995
28001
28005
28008
28015
28015
28029
28036
28038
28060
28060
28061
28063
28065
28069
28098
28104
28104
28108
28113
28118
28125
28131
28161
28165
28174
28176
28185
28197
28201
28202
28209
28214
28216
28216
28237
28258
28261
28263
28272
28280
28288
28307
28312
28317
28342
28343
28347
28353
28354
28368
28408
28409
28413
28413
28414
28414
28446
28460
28466
28478
28483
28484
28485
28488
28488
28490
28493
28506
28507
28517
28525
28529
28535
28544
28554
28556
28570
28575
28576
28580
28581
28590
28590
28600
28604
28619
28641
28648
28651
28660
28672
28676
28677
28697
28701
28709
28716
28719
28720
28721
28724
28726
28745
28753
28771
28774
28785
28788
28790
28796
28799
28800
28829
28833
28843
28860
28861
28863
28876
28889
28939
28945
28952
28960
28962
28972
28976
28997
29034
29035
29037
29040
29066
29077
29120
29124
29125
29132
29134
29136
29153
29157
29158
29161
29164
29183
29185
29187
29187
29190
29194
29204
29230
29230
29249
29255
29266
29275
29279
29285
29287
29289
29306
29308
29335
29340
29361
29387
29392
29419
29421
29436
29440
29440
29445
29459
29464
29478
29486
29493
29497
29497
29501
29503
29516
29518
29526
29529
29551
29558
29562
29564
29568
29570
29577
29580
29582
29590
29596
29601
29615
29620
29622
29635
29636
29638
29645
29652
29660
29686
29694
29713
29720
29722
29726
29743
29746
29750
29761
29765
29816
29822
29822
29828
29841
29844
29849
29850
29855
29856
29857
29876
29878
29909
29915
29916
29924
29935
29941
29941
29950
29957
29992
30003
30005
30011
30021
30022
30025
30033
30056
30066
30066
30066
30087
30087
30089
30100
30126
30143
30148
30151
30153
30158
30159
30165
30167
30170
30171
30171
30189
30190
30199
30214
30226
30231
30235
30241
30242
30247
30257
30267
30276
30280
30299
30304
30305
30318
30330
30332
30352
30354
30357
30362
30366
30366
30375
30376
30377
30382
30384
30396
30410
30421
30443
30457
30461
30465
30483
30506
30512
30517
30530
30541
30543
30563
30569
30575
30593
30636
30654
30654
30657
30663
30678
30684
30686
30690
30699
30713
30721
30754
30755
30761
30776
30778
30784
30800
30802
30814
30814
30819
30828
30859
30873
30877
30882
30888
30895
30906
30906
30916
30920
30948
30957
30958
30962
30965
30969
30969
30985
31042
31054
31060
31072
31073
31078
31089
31108
31108
31112
31125
31126
31128
31137
31150
31151
31154
31171
31182
31197
31205
31212
31217
31232
31235
31237
31242
31252
31255
31258
31273
31274
31282
31282
31331
31347
31352
31363
31364
31403
31413
31419
31431
31435
31443
31454
31459
31463
31477
31484
31491
31493
31496
31507
31535
31536
31540
31563
31565
31580
31582
31583
31598
31598
31603
31609
31617
31648
31680
31721
31722
31730
31736
31738
31740
31762
31766
31777
31778
31779
31785
31806
31832
31854
31855
31857
31859
31862
31884
31889
31904
31906
31908
31914
31929
31932
31933
31934
31936
31940
31957
31957
31965
31977
31981
31982
31995
31998
32001
32016
32017
32018
32048
32059
32065
32067
32076
32103
32111
32121
32126
32149
32159
32167
32168
32170
32174
32178
32186
32194
32195
32219
32229
32229
32230
32232
32234
32247
32256
32262
32264
32265
32283
32283
32283
32285
32286
32301
32318
32333
32350
32353
32400
32410
32411
32419
32426
32433
32433
32438
32439
32446
32457
32457
32465
32468
32479
32486
32492
32497
32499
32508
32514
32526
32545
32573
32578
32597
32600
32610
32617
32635
32637
32640
32643
32663
32669
32672
32688
32693
32694
32714
32714
32720
32745
32746
32751
32768
